40368.16 145.81 39281.73 148.78 28882.62 141.81 0.0000
33884.47 154.34 35845.22 160.43 27742.79 149.19 0.4740
29993.29 148.51 33235.59 162.07 26949.17 149.04 0.9480
24612.56 123.46 28852.20 139.58 25286.69 132.09 1.8960
18970.73 117.96 23350.13 150.98 22829.12 140.11 3.7920
14702.35 132.85 18561.66 155.43 20040.92 152.90 6.6360
12324.71 121.14 15597.68 132.41 18027.81 136.58 9.4800
9814.41 102.39 12029.73 170.67 15444.08 128.06 14.2200
8297.02 92.50 9812.28 120.63 13643.94 96.26 18.9600
6454.07 78.66 7114.00 104.99 11326.16 117.69 28.4400
